JPsi	0.1	0.001	0.0000203485853134
JPsi	0.28	0.001	0.0000200502251779
JPsi	0.43	0.001	0.0000199464669429
JPsi	0.6	0.001	0.0000192742923693
JPsi	0.78	0.001	0.0000199804548754
JPsi	1.	0.001	0.0000196291226627
JPsi	1.25	0.001	0.0000194679303066
JPsi	0.1	0.01	0.0000208250265153
JPsi	0.28	0.01	0.0000200693676147
JPsi	0.43	0.01	0.0000198777461911
JPsi	0.6	0.01	0.0000191052077738
JPsi	0.78	0.01	0.0000194869563796
JPsi	1.	0.01	0.0000192415726197
JPsi	1.25	0.01	0.0000194942728568
JPsi	0.1	0.1	0.0000185530162636
JPsi	0.28	0.1	0.0000184057344146
JPsi	0.43	0.1	0.0000186294135812
JPsi	0.6	0.1	0.000017428337428
JPsi	0.78	0.1	0.0000179460503998
JPsi	1.	0.1	0.0000177450379176
JPsi	1.25	0.1	0.0000184007045055
Y1S	0.1	0.001	0.0000214457422243
Y1S	0.28	0.001	0.0000208224334305
Y1S	0.43	0.001	0.0000207320194759
Y1S	0.6	0.001	0.0000205884505888
Y1S	0.78	0.001	0.0000206528885451
Y1S	1.	0.001	0.0000198956152715
Y1S	1.25	0.001	0.0000196089766532
Y1S	1.52	0.001	0.0000191580929772
Y1S	1.84	0.001	0.0000186966934168
Y1S	2.2	0.001	0.0000175989567873
Y1S	2.6	0.001	0.0000166129287433
Y1S	3.04	0.001	0.0000153216327657
Y1S	3.54	0.001	0.0000140231922059
Y1S	4.1	0.001	0.0000119003062437
Y1S	0.1	0.01	0.0000211813895431
Y1S	0.28	0.01	0.0000207348842631
Y1S	0.43	0.01	0.0000205906914547
Y1S	0.6	0.01	0.0000205329958106
Y1S	0.78	0.01	0.0000199448801566
Y1S	1.	0.01	0.0000199261608079
Y1S	1.25	0.01	0.0000195853232621
Y1S	1.52	0.01	0.0000189346488868
Y1S	1.84	0.01	0.0000182994902199
Y1S	2.2	0.01	0.0000174060175459
Y1S	2.6	0.01	0.0000159311599345
Y1S	3.04	0.01	0.0000147324287858
Y1S	3.54	0.01	0.0000132705710722
Y1S	4.1	0.01	0.0000114849434707
Y1S	0.1	0.1	0.0000202027241444
Y1S	0.28	0.1	0.0000199502312725
Y1S	0.43	0.1	0.0000197678440328
Y1S	0.6	0.1	0.0000192949422936
Y1S	0.78	0.1	0.0000192825583907
Y1S	1.	0.1	0.0000190164738846
Y1S	1.25	0.1	0.0000185058496397
Y1S	1.52	0.1	0.0000174720828776
Y1S	1.84	0.1	0.0000168825082724
Y1S	2.2	0.1	0.0000157785056399
Y1S	2.6	0.1	0.000014432721322
Y1S	3.04	0.1	0.0000129508029643
Y1S	3.54	0.1	0.0000111284380359
Y1S	4.1	0.1	9.21946840484e-6
Y2S	0.1	0.001	0.0000303021667423
Y2S	0.28	0.001	0.0000313559733525
Y2S	0.43	0.001	0.0000308750064112
Y2S	0.6	0.001	0.0000305825440033
Y2S	0.78	0.001	0.0000299269058678
Y2S	1.	0.001	0.000029876478535
Y2S	1.25	0.001	0.0000289186996557
Y2S	1.52	0.001	0.0000284286828715
Y2S	1.84	0.001	0.0000273485740483
Y2S	2.2	0.001	0.0000260804636729
Y2S	2.6	0.001	0.0000247807803484
Y2S	3.04	0.001	0.0000223563121548
Y2S	3.54	0.001	0.0000205740694855
Y2S	4.1	0.001	0.0000177104267617
Y2S	0.1	0.01	0.0000307808176357
Y2S	0.28	0.01	0.000030943125763
Y2S	0.43	0.01	0.0000304625006153
Y2S	0.6	0.01	0.0000304124350147
Y2S	0.78	0.01	0.0000301443408071
Y2S	1.	0.01	0.0000299735042502
Y2S	1.25	0.01	0.0000288333896315
Y2S	1.52	0.01	0.0000276337637356
Y2S	1.84	0.01	0.0000269084452364
Y2S	2.2	0.01	0.0000254897137226
Y2S	2.6	0.01	0.0000237823648011
Y2S	3.04	0.01	0.0000217896612604
Y2S	3.54	0.01	0.0000195267708043
Y2S	4.1	0.01	0.000016708821807
Y2S	0.1	0.1	0.0000289032073315
Y2S	0.28	0.1	0.0000300190881557
Y2S	0.43	0.1	0.0000289512912197
Y2S	0.6	0.1	0.0000291140930217
Y2S	0.78	0.1	0.0000290108657391
Y2S	1.	0.1	0.0000279144973569
Y2S	1.25	0.1	0.0000273070900161
Y2S	1.52	0.1	0.0000258571390287
Y2S	1.84	0.1	0.0000252858253143
Y2S	2.2	0.1	0.0000234556227143
Y2S	2.6	0.1	0.0000213087514041
Y2S	3.04	0.1	0.000019146735615
Y2S	3.54	0.1	0.0000163716506628
Y2S	4.1	0.1	0.0000136478344424
Y3S	0.1	0.001	0.000031220204408
Y3S	0.28	0.001	0.0000311918448298
Y3S	0.43	0.001	0.0000306365649589
Y3S	0.6	0.001	0.0000306877529672
Y3S	0.78	0.001	0.0000302410830975
Y3S	1.	0.001	0.0000302870221847
Y3S	1.25	0.001	0.0000296963155929
Y3S	1.52	0.001	0.0000285174988192
Y3S	1.84	0.001	0.0000275350069851
Y3S	2.2	0.001	0.0000260061992022
Y3S	2.6	0.001	0.0000243236347827
Y3S	3.04	0.001	0.0000228642757775
Y3S	3.54	0.001	0.0000203801382921
Y3S	4.1	0.001	0.0000180867905589
Y3S	0.1	0.01	0.0000313165743138
Y3S	0.28	0.01	0.0000308722243561
Y3S	0.43	0.01	0.0000305651892335
Y3S	0.6	0.01	0.0000307208138346
Y3S	0.78	0.01	0.0000298434794609
Y3S	1.	0.01	0.0000292989397178
Y3S	1.25	0.01	0.0000291858842177
Y3S	1.52	0.01	0.0000276311506667
Y3S	1.84	0.01	0.000026913437273
Y3S	2.2	0.01	0.0000254137492406
Y3S	2.6	0.01	0.0000237527062382
Y3S	3.04	0.01	0.0000219268913316
Y3S	3.54	0.01	0.0000196796744386
Y3S	4.1	0.01	0.0000169931322962
Y3S	0.1	0.1	0.0000292952492808
Y3S	0.28	0.1	0.0000293947628398
Y3S	0.43	0.1	0.0000291611028235
Y3S	0.6	0.1	0.0000291499207623
Y3S	0.78	0.1	0.0000285085120886
Y3S	1.	0.1	0.0000280811085998
Y3S	1.25	0.1	0.0000272006790134
Y3S	1.52	0.1	0.0000260904372931
Y3S	1.84	0.1	0.0000254634895388
Y3S	2.2	0.1	0.0000238856290394
Y3S	2.6	0.1	0.0000216443966502
Y3S	3.04	0.1	0.0000195027487889
Y3S	3.54	0.1	0.00001675024512
Y3S	4.1	0.1	0.0000134156607859
mCP_UFO	0.1	0.001	4.07884338852e-6
mCP_UFO	0.28	0.001	3.95412881565e-6
mCP_UFO	0.43	0.001	3.78516194345e-6
mCP_UFO	0.6	0.001	3.58153026267e-6
mCP_UFO	0.78	0.001	3.29367495612e-6
mCP_UFO	1.	0.001	3.35421117247e-6
mCP_UFO	1.25	0.001	4.61837866276e-6
mCP_UFO	1.52	0.001	5.56366655772e-6
mCP_UFO	1.84	0.001	6.47236173374e-6
mCP_UFO	2.2	0.001	7.22542717328e-6
mCP_UFO	2.6	0.001	8.00771030553e-6
mCP_UFO	3.04	0.001	9.05661675931e-6
mCP_UFO	3.54	0.001	9.74337659966e-6
mCP_UFO	4.1	0.001	0.0000100400739008
mCP_UFO	4.71	0.001	0.0000109895995287
mCP_UFO	5.4	0.001	0.0000117886039449
mCP_UFO	6.15	0.001	0.0000126759803093
mCP_UFO	6.98	0.001	0.0000132772839062
mCP_UFO	7.9	0.001	0.0000140664903962
mCP_UFO	8.9	0.001	0.0000145698801375
mCP_UFO	10.	0.001	0.0000152943389222
mCP_UFO	11.2	0.001	0.0000158576647493
mCP_UFO	12.5	0.001	0.0000157817843939
mCP_UFO	14.	0.001	0.0000160566217255
mCP_UFO	15.5	0.001	0.0000162391340737
mCP_UFO	17.2	0.001	0.0000158058771143
mCP_UFO	19.1	0.001	0.0000155647444332
mCP_UFO	21.1	0.001	0.0000152678898759
mCP_UFO	23.3	0.001	0.000015080102127
mCP_UFO	25.6	0.001	0.0000142604686481
mCP_UFO	28.2	0.001	0.000013374928307
mCP_UFO	30.9	0.001	0.0000125304725208
mCP_UFO	33.9	0.001	0.0000114060832005
mCP_UFO	37.1	0.001	9.91879603198e-6
mCP_UFO	40.5	0.001	8.22907220559e-6
mCP_UFO	44.2	0.001	5.87476057753e-6
mCP_UFO	48.2	0.001	8.66217699064e-6
mCP_UFO	52.5	0.001	0.0000107037629416
mCP_UFO	57.1	0.001	0.0000114111266182
mCP_UFO	62.1	0.001	0.0000120054769423
mCP_UFO	67.4	0.001	0.0000127234273242
mCP_UFO	73.	0.001	0.0000130924307084
mCP_UFO	79.1	0.001	0.0000135294938699
mCP_UFO	85.6	0.001	0.0000138159366897
mCP_UFO	92.6	0.001	0.000014019258913
mCP_UFO	99.9	0.001	0.0000142805228987
mCP_UFO	0.1	0.01	3.96479326787e-6
mCP_UFO	0.28	0.01	3.77862031314e-6
mCP_UFO	0.43	0.01	3.62804518493e-6
mCP_UFO	0.6	0.01	3.34776587254e-6
mCP_UFO	0.78	0.01	3.10579423351e-6
mCP_UFO	1.	0.01	3.1651631103e-6
mCP_UFO	1.25	0.01	4.31560831541e-6
mCP_UFO	1.52	0.01	5.21753269467e-6
mCP_UFO	1.84	0.01	6.12302903625e-6
mCP_UFO	2.2	0.01	6.98400179693e-6
mCP_UFO	2.6	0.01	7.54337594976e-6
mCP_UFO	3.04	0.01	8.68514343756e-6
mCP_UFO	3.54	0.01	9.26442549987e-6
mCP_UFO	4.1	0.01	9.81375906257e-6
mCP_UFO	4.71	0.01	0.0000106511059016
mCP_UFO	5.4	0.01	0.0000118508244184
mCP_UFO	6.15	0.01	0.0000125322654271
mCP_UFO	6.98	0.01	0.000013468252304
mCP_UFO	7.9	0.01	0.0000140448598044
mCP_UFO	8.9	0.01	0.0000147837327868
mCP_UFO	10.	0.01	0.0000153512326183
mCP_UFO	11.2	0.01	0.0000158686171969
mCP_UFO	12.5	0.01	0.0000157667524259
mCP_UFO	14.	0.01	0.0000158923216507
mCP_UFO	15.5	0.01	0.0000162297040491
mCP_UFO	17.2	0.01	0.0000156843904807
mCP_UFO	19.1	0.01	0.0000156813142523
mCP_UFO	21.1	0.01	0.0000153245382069
mCP_UFO	23.3	0.01	0.0000149176936736
mCP_UFO	25.6	0.01	0.0000141871122795
mCP_UFO	28.2	0.01	0.000013307873035
mCP_UFO	30.9	0.01	0.0000125665556701
mCP_UFO	33.9	0.01	0.0000113164897641
mCP_UFO	37.1	0.01	9.83448407856e-6
mCP_UFO	40.5	0.01	8.29096412189e-6
mCP_UFO	44.2	0.01	5.84690284632e-6
mCP_UFO	48.2	0.01	8.72195041361e-6
mCP_UFO	52.5	0.01	0.0000105466323015
mCP_UFO	57.1	0.01	0.0000117074029894
mCP_UFO	62.1	0.01	0.0000120549450305
mCP_UFO	67.4	0.01	0.0000126715557756
mCP_UFO	73.	0.01	0.0000132860662426
mCP_UFO	79.1	0.01	0.0000136151384263
mCP_UFO	85.6	0.01	0.000013903602405
mCP_UFO	92.6	0.01	0.0000140840542476
mCP_UFO	99.9	0.01	0.0000144125056286
mCP_UFO	0.1	0.1	2.93206214625e-6
mCP_UFO	0.28	0.1	2.83974216291e-6
mCP_UFO	0.43	0.1	2.66726388628e-6
mCP_UFO	0.6	0.1	2.48703448973e-6
mCP_UFO	0.78	0.1	2.26569915424e-6
mCP_UFO	1.	0.1	2.24485511947e-6
mCP_UFO	1.25	0.1	3.16199030199e-6
mCP_UFO	1.52	0.1	3.91897797232e-6
mCP_UFO	1.84	0.1	4.8094206318e-6
mCP_UFO	2.2	0.1	5.58843466182e-6
mCP_UFO	2.6	0.1	6.34635338252e-6
mCP_UFO	3.04	0.1	7.3648123653e-6
mCP_UFO	3.54	0.1	8.50356911883e-6
mCP_UFO	4.1	0.1	9.12779990072e-6
mCP_UFO	4.71	0.1	0.0000100116402655
mCP_UFO	5.4	0.1	0.0000109861272527
mCP_UFO	6.15	0.1	0.0000120746745495
mCP_UFO	6.98	0.1	0.0000127723499217
mCP_UFO	7.9	0.1	0.0000133877864999
mCP_UFO	8.9	0.1	0.0000141660022467
mCP_UFO	10.	0.1	0.0000149825116077
mCP_UFO	11.2	0.1	0.0000153761305657
mCP_UFO	12.5	0.1	0.0000155324074045
mCP_UFO	14.	0.1	0.0000156823687169
mCP_UFO	15.5	0.1	0.0000160883951926
mCP_UFO	17.2	0.1	0.0000155648251192
mCP_UFO	19.1	0.1	0.0000153635088851
mCP_UFO	21.1	0.1	0.0000150690666152
mCP_UFO	23.3	0.1	0.0000147518429577
mCP_UFO	25.6	0.1	0.000014029013102
mCP_UFO	28.2	0.1	0.0000131713297453
mCP_UFO	30.9	0.1	0.0000121664575796
mCP_UFO	33.9	0.1	0.0000111312913649
mCP_UFO	37.1	0.1	9.42244622773e-6
mCP_UFO	40.5	0.1	7.5543016519e-6
mCP_UFO	44.2	0.1	3.99191143597e-6
mCP_UFO	48.2	0.1	7.88235135815e-6
mCP_UFO	52.5	0.1	9.93080234939e-6
mCP_UFO	57.1	0.1	0.0000110821165702
mCP_UFO	62.1	0.1	0.0000117578441935
mCP_UFO	67.4	0.1	0.0000124803225415
mCP_UFO	73.	0.1	0.0000129379669736
mCP_UFO	79.1	0.1	0.0000131498399455
mCP_UFO	85.6	0.1	0.0000134631139004
mCP_UFO	92.6	0.1	0.0000139635166508
mCP_UFO	99.9	0.1	0.0000142246116863
