0.1 0.0010 25000 9
0.1 0.0020 25000 879
0.1 0.0030 25000 4311
0.1 0.0040 10000 3539
0.1 0.0050 10000 4946
0.1 0.0060 1000 564
0.1 0.0070 1000 597
0.1 0.0080 1000 621
0.1 0.0090 1000 623
0.1 0.0100 400 241
0.1 0.0120 400 244
0.28 0.0010 25000 33
0.28 0.0020 25000 897
0.28 0.0030 25000 4390
0.28 0.0040 10000 3626
0.28 0.0050 10000 5044
0.28 0.0060 1000 569
0.28 0.0070 1000 593
0.28 0.0080 1000 610
0.28 0.0090 1000 612
0.28 0.0100 400 248
0.28 0.0120 400 248
0.28 0.0140 400 252
0.43 0.0010 25000 29
0.43 0.0020 25000 925
0.43 0.0030 25000 4532
0.43 0.0040 10000 3791
0.43 0.0050 10000 5161
0.43 0.0060 1000 573
0.43 0.0070 1000 615
0.43 0.0080 1000 628
0.43 0.0090 1000 644
0.43 0.0100 400 257
0.43 0.0120 400 258
0.43 0.0140 400 261
0.6 0.0010 25000 32
0.6 0.0020 25000 976
0.6 0.0030 25000 4652
0.6 0.0040 10000 3860
0.6 0.0050 10000 5174
0.6 0.0060 1000 595
0.6 0.0070 1000 618
0.6 0.0080 1000 643
0.6 0.0090 1000 636
0.6 0.0100 400 256
0.6 0.0120 400 251
0.6 0.0140 400 260
0.78 0.0010 25000 30
0.78 0.0020 25000 1052
0.78 0.0030 25000 4905
0.78 0.0040 10000 3877
0.78 0.0050 10000 5148
0.78 0.0060 1000 550
0.78 0.0070 1000 572
0.78 0.0080 1000 597
0.78 0.0090 1000 607
0.78 0.0100 400 266
0.78 0.0120 400 270
0.78 0.0140 400 273
1.0 0.0010 25000 38
1.0 0.0020 25000 1031
1.0 0.0030 25000 4923
1.0 0.0040 10000 3884
1.0 0.0050 10000 5168
1.0 0.0060 1000 601
1.0 0.0070 1000 637
1.0 0.0080 1000 642
1.0 0.0090 1000 651
1.0 0.0100 400 246
1.0 0.0120 400 252
1.0 0.0140 400 255
1.25 0.0010 25000 24
1.25 0.0020 25000 1072
1.25 0.0030 25000 4805
1.25 0.0040 10000 3902
1.25 0.0050 10000 5172
1.25 0.0060 1000 561
1.25 0.0070 1000 595
1.25 0.0080 1000 610
1.25 0.0090 1000 616
1.25 0.0100 400 256
1.25 0.0120 400 260
1.25 0.0140 400 265
1.52 0.0010 25000 35
1.52 0.0020 25000 1072
1.52 0.0030 25000 4909
1.52 0.0040 10000 3956
1.52 0.0050 10000 5258
1.52 0.0060 1000 595
1.52 0.0070 1000 624
1.52 0.0080 1000 629
1.52 0.0090 1000 637
1.52 0.0100 400 252
1.52 0.0120 400 253
1.52 0.0140 400 252
1.84 0.0010 25000 35
1.84 0.0020 25000 1061
1.84 0.0030 25000 4859
1.84 0.0040 10000 3915
1.84 0.0050 10000 5174
1.84 0.0060 1000 588
1.84 0.0070 1000 609
1.84 0.0080 1000 613
1.84 0.0090 1000 628
1.84 0.0100 400 238
1.84 0.0120 400 247
1.84 0.0140 400 246
10.0 0.0010 25000 29
10.0 0.0020 25000 939
10.0 0.0030 25000 4579
10.0 0.0040 10000 3747
10.0 0.0050 10000 5092
10.0 0.0060 1000 597
10.0 0.0070 1000 619
10.0 0.0080 1000 639
10.0 0.0090 1000 652
10.0 0.0100 400 250
10.0 0.0120 400 255
10.0 0.0140 400 258
11.2 0.0010 25000 21
11.2 0.0020 25000 1046
11.2 0.0030 25000 4667
11.2 0.0040 10000 3795
11.2 0.0050 10000 5101
11.2 0.0060 1000 580
11.2 0.0070 1000 626
11.2 0.0080 1000 628
11.2 0.0090 1000 639
11.2 0.0100 400 249
11.2 0.0120 400 254
11.2 0.0140 400 258
12.5 0.0010 25000 26
12.5 0.0020 25000 963
12.5 0.0030 25000 4693
12.5 0.0040 10000 3723
12.5 0.0050 10000 5066
12.5 0.0060 1000 569
12.5 0.0070 1000 612
12.5 0.0080 1000 623
12.5 0.0090 1000 632
12.5 0.0100 400 248
12.5 0.0120 400 246
12.5 0.0140 400 249
14.0 0.0010 25000 28
14.0 0.0020 25000 1007
14.0 0.0030 25000 4877
14.0 0.0040 10000 3897
14.0 0.0050 10000 5237
14.0 0.0060 1000 597
14.0 0.0070 1000 620
14.0 0.0080 1000 635
14.0 0.0090 1000 645
14.0 0.0100 400 262
14.0 0.0120 400 267
14.0 0.0140 400 268
15.5 0.0010 25000 29
15.5 0.0020 25000 1113
15.5 0.0030 25000 4930
15.5 0.0040 10000 4043
15.5 0.0050 10000 5262
15.5 0.0060 1000 605
15.5 0.0070 1000 626
15.5 0.0080 1000 637
15.5 0.0090 1000 643
15.5 0.0100 400 259
15.5 0.0120 400 256
15.5 0.0140 400 259
17.2 0.0010 25000 35
17.2 0.0020 25000 1114
17.2 0.0030 25000 5208
17.2 0.0040 10000 3990
17.2 0.0050 10000 5239
17.2 0.0060 1000 554
17.2 0.0070 1000 581
17.2 0.0080 1000 594
17.2 0.0090 1000 600
17.2 0.0100 400 284
17.2 0.0120 400 289
17.2 0.0140 400 288
19.1 0.0010 25000 35
19.1 0.0020 25000 1226
19.1 0.0030 25000 5360
19.1 0.0040 10000 4111
19.1 0.0050 10000 5346
19.1 0.0060 1000 611
19.1 0.0070 1000 624
19.1 0.0080 1000 644
19.1 0.0090 1000 647
19.1 0.0100 400 256
19.1 0.0120 400 261
19.1 0.0140 400 266
2.2 0.0010 25000 37
2.2 0.0020 25000 993
2.2 0.0030 25000 4696
2.2 0.0040 10000 3749
2.2 0.0050 10000 5148
2.2 0.0060 1000 582
2.2 0.0070 1000 600
2.2 0.0080 1000 617
2.2 0.0090 1000 629
2.2 0.0100 400 250
2.2 0.0120 400 251
2.2 0.0140 400 258
2.6 0.0010 25000 22
2.6 0.0020 25000 1025
2.6 0.0030 25000 4693
2.6 0.0040 10000 3910
2.6 0.0050 10000 5250
2.6 0.0060 1000 553
2.6 0.0070 1000 585
2.6 0.0080 1000 586
2.6 0.0090 1000 606
2.6 0.0100 400 257
2.6 0.0120 400 263
2.6 0.0140 400 265
21.1 0.0010 25000 46
21.1 0.0020 25000 1248
21.1 0.0030 25000 5497
21.1 0.0040 10000 4220
21.1 0.0050 10000 5387
21.1 0.0060 1000 604
21.1 0.0070 1000 619
21.1 0.0080 1000 631
21.1 0.0090 1000 634
21.1 0.0100 400 257
21.1 0.0120 400 259
21.1 0.0140 400 259
23.3 0.0010 25000 52
23.3 0.0020 25000 1299
23.3 0.0030 25000 5726
23.3 0.0040 10000 4286
23.3 0.0050 10000 5390
23.3 0.0060 1000 620
23.3 0.0070 1000 646
23.3 0.0080 1000 650
23.3 0.0090 1000 657
23.3 0.0100 400 273
23.3 0.0120 400 274
23.3 0.0140 400 278
25.6 0.0010 25000 46
25.6 0.0020 25000 1438
25.6 0.0030 25000 5999
25.6 0.0040 10000 4369
25.6 0.0050 10000 5467
25.6 0.0060 1000 590
25.6 0.0070 1000 625
25.6 0.0080 1000 637
25.6 0.0090 1000 642
25.6 0.0100 400 255
25.6 0.0120 400 265
25.6 0.0140 400 264
28.2 0.0010 25000 39
28.2 0.0020 25000 1345
28.2 0.0030 25000 5925
28.2 0.0040 10000 4298
28.2 0.0050 10000 5356
28.2 0.0060 1000 564
28.2 0.0070 1000 587
28.2 0.0080 1000 598
28.2 0.0090 1000 602
28.2 0.0100 400 263
28.2 0.0120 400 261
28.2 0.0140 400 265
3.04 0.0010 25000 31
3.04 0.0020 25000 959
3.04 0.0030 25000 4791
3.04 0.0040 10000 3795
3.04 0.0050 10000 5219
3.04 0.0060 1000 580
3.04 0.0070 1000 605
3.04 0.0080 1000 613
3.04 0.0090 1000 618
3.04 0.0100 400 263
3.04 0.0120 400 269
3.04 0.0140 400 270
3.54 0.0010 25000 27
3.54 0.0020 25000 1038
3.54 0.0030 25000 4650
3.54 0.0040 10000 3769
3.54 0.0050 10000 5211
3.54 0.0060 1000 609
3.54 0.0070 1000 648
3.54 0.0080 1000 659
3.54 0.0090 1000 661
3.54 0.0100 400 243
3.54 0.0120 400 246
3.54 0.0140 400 248
30.9 0.0010 25000 49
30.9 0.0020 25000 1380
30.9 0.0040 10000 4280
30.9 0.0050 10000 5426
30.9 0.0060 1000 613
30.9 0.0070 1000 636
30.9 0.0080 1000 647
30.9 0.0090 1000 654
30.9 0.0100 400 254
30.9 0.0120 400 256
30.9 0.0140 400 256
33.9 0.0010 25000 39
33.9 0.0020 25000 1393
33.9 0.0030 25000 5849
33.9 0.0040 10000 4254
33.9 0.0050 10000 5441
33.9 0.0060 1000 573
33.9 0.0070 1000 586
33.9 0.0080 1000 602
33.9 0.0090 1000 608
33.9 0.0100 400 273
33.9 0.0120 400 272
33.9 0.0140 400 278
37.1 0.0010 25000 36
37.1 0.0020 25000 1355
37.1 0.0030 25000 5696
37.1 0.0040 10000 4293
37.1 0.0050 10000 5472
37.1 0.0060 1000 603
37.1 0.0070 1000 623
37.1 0.0080 1000 632
37.1 0.0090 1000 649
37.1 0.0100 400 255
37.1 0.0120 400 255
37.1 0.0140 400 259
4.1 0.0010 25000 23
4.1 0.0020 25000 1035
4.1 0.0030 25000 4539
4.1 0.0040 10000 3683
4.1 0.0050 10000 5149
4.1 0.0060 1000 539
4.1 0.0070 1000 572
4.1 0.0080 1000 578
4.1 0.0090 1000 584
4.1 0.0100 400 244
4.1 0.0120 400 248
4.1 0.0140 400 248
4.71 0.0010 25000 20
4.71 0.0020 25000 876
4.71 0.0030 25000 4515
4.71 0.0040 10000 3781
4.71 0.0050 10000 5113
4.71 0.0060 1000 597
4.71 0.0070 1000 635
4.71 0.0080 1000 641
4.71 0.0090 1000 653
4.71 0.0100 400 238
4.71 0.0120 400 241
4.71 0.0140 400 237
40.5 0.0040 10000 4296
40.5 0.0050 10000 5447
40.5 0.0060 1000 585
40.5 0.0070 1000 600
40.5 0.0080 1000 612
40.5 0.0090 1000 624
40.5 0.0100 400 266
40.5 0.0120 400 265
40.5 0.0140 400 265
44.2 0.0040 10000 4142
44.2 0.0050 10000 5364
44.2 0.0060 1000 535
44.2 0.0070 1000 561
44.2 0.0080 1000 564
44.2 0.0090 1000 587
44.2 0.0100 400 263
44.2 0.0120 400 268
44.2 0.0140 400 271
48.2 0.0010 25000 50
48.2 0.0020 25000 1280
48.2 0.0030 25000 5455
48.2 0.0040 10000 4156
48.2 0.0050 10000 5375
48.2 0.0060 1000 595
48.2 0.0070 1000 617
48.2 0.0080 1000 631
48.2 0.0090 1000 642
48.2 0.0100 400 263
48.2 0.0120 400 260
48.2 0.0140 400 267
5.4 0.0010 25000 25
5.4 0.0020 25000 927
5.4 0.0030 25000 4560
5.4 0.0040 10000 3735
5.4 0.0050 10000 5049
5.4 0.0060 1000 583
5.4 0.0070 1000 603
5.4 0.0080 1000 621
5.4 0.0090 1000 631
5.4 0.0100 400 244
5.4 0.0120 400 250
5.4 0.0140 400 254
52.5 0.0010 25000 36
52.5 0.0020 25000 1237
52.5 0.0030 25000 5438
52.5 0.0040 10000 4195
52.5 0.0050 10000 5344
52.5 0.0060 1000 581
52.5 0.0070 1000 614
52.5 0.0080 1000 624
52.5 0.0090 1000 635
52.5 0.0100 400 261
52.5 0.0120 400 262
52.5 0.0140 400 261
57.1 0.0010 25000 33
57.1 0.0020 25000 1292
57.1 0.0030 25000 5591
57.1 0.0040 10000 4172
57.1 0.0050 10000 5416
57.1 0.0060 1000 582
57.1 0.0070 1000 591
57.1 0.0080 1000 612
57.1 0.0090 1000 623
57.1 0.0100 400 260
57.1 0.0120 400 262
57.1 0.0140 400 264
6.15 0.0010 25000 20
6.15 0.0020 25000 919
6.15 0.0030 25000 4560
6.15 0.0040 10000 3691
6.15 0.0050 10000 5078
6.15 0.0060 1000 580
6.15 0.0070 1000 600
6.15 0.0080 1000 631
6.15 0.0090 1000 645
6.15 0.0100 400 254
6.15 0.0120 400 256
6.15 0.0140 400 257
6.98 0.0010 25000 14
6.98 0.0020 25000 924
6.98 0.0030 25000 4567
6.98 0.0040 10000 3686
6.98 0.0050 10000 5024
6.98 0.0060 1000 577
6.98 0.0070 1000 618
6.98 0.0080 1000 634
6.98 0.0090 1000 639
6.98 0.0100 400 250
6.98 0.0120 400 252
6.98 0.0140 400 251
62.1 0.0010 25000 41
62.1 0.0020 25000 1294
62.1 0.0030 25000 5537
62.1 0.0040 10000 4174
62.1 0.0050 10000 5408
62.1 0.0060 1000 558
62.1 0.0070 1000 591
62.1 0.0080 1000 601
62.1 0.0090 1000 607
62.1 0.0100 400 265
62.1 0.0120 400 264
62.1 0.0140 400 267
67.4 0.0010 25000 25
67.4 0.0020 25000 1285
67.4 0.0030 25000 5457
67.4 0.0040 10000 4213
67.4 0.0050 10000 5398
67.4 0.0060 1000 585
67.4 0.0070 1000 605
67.4 0.0080 1000 619
67.4 0.0090 1000 628
67.4 0.0100 400 248
67.4 0.0120 400 253
67.4 0.0140 400 253
7.9 0.0010 25000 21
7.9 0.0020 25000 976
7.9 0.0030 25000 4527
7.9 0.0040 10000 3767
7.9 0.0050 10000 5021
7.9 0.0060 1000 574
7.9 0.0070 1000 605
7.9 0.0080 1000 628
7.9 0.0090 1000 631
7.9 0.0100 400 244
7.9 0.0120 400 254
7.9 0.0140 400 253
73.0 0.0010 25000 37
73.0 0.0020 25000 1238
73.0 0.0030 25000 5470
73.0 0.0040 10000 4098
73.0 0.0050 10000 5308
73.0 0.0060 1000 592
73.0 0.0070 1000 614
73.0 0.0080 1000 625
73.0 0.0090 1000 634
73.0 0.0100 400 251
73.0 0.0120 400 260
73.0 0.0140 400 259
79.1 0.0010 25000 47
79.1 0.0020 25000 1224
79.1 0.0030 25000 5417
79.1 0.0040 10000 4135
79.1 0.0050 10000 5331
79.1 0.0060 1000 568
79.1 0.0070 1000 590
79.1 0.0080 1000 599
79.1 0.0090 1000 610
79.1 0.0100 400 236
79.1 0.0120 400 243
79.1 0.0140 400 245
8.9 0.0010 25000 27
8.9 0.0020 25000 952
8.9 0.0030 25000 4625
8.9 0.0040 10000 3775
8.9 0.0050 10000 5084
8.9 0.0060 1000 598
8.9 0.0070 1000 625
8.9 0.0080 1000 643
8.9 0.0090 1000 657
8.9 0.0100 400 232
8.9 0.0120 400 237
8.9 0.0140 400 240
85.6 0.0010 25000 41
85.6 0.0020 25000 1237
85.6 0.0030 25000 5559
85.6 0.0040 10000 4164
85.6 0.0050 10000 5416
85.6 0.0060 1000 612
85.6 0.0070 1000 617
85.6 0.0080 1000 623
85.6 0.0090 1000 635
85.6 0.0100 400 239
85.6 0.0120 400 244
92.6 0.0010 25000 41
92.6 0.0020 25000 1284
92.6 0.0030 25000 5524
92.6 0.0040 10000 4178
92.6 0.0050 10000 5420
92.6 0.0060 1000 623
92.6 0.0070 1000 639
92.6 0.0080 1000 653
92.6 0.0090 1000 666
92.6 0.0100 400 266
92.6 0.0120 400 271
92.6 0.0140 400 273
99.9 0.0010 25000 44
99.9 0.0020 25000 1312
99.9 0.0030 25000 5594
99.9 0.0040 10000 4259
99.9 0.0050 10000 5405
99.9 0.0060 1000 598
99.9 0.0070 1000 625
99.9 0.0080 1000 644
99.9 0.0090 1000 646
99.9 0.0100 400 254
99.9 0.0120 400 255
99.9 0.0140 400 261
