0.1 0.0010 25000 25
0.1 0.0015 25000 251
0.1 0.0022 25000 1619
0.1 0.0034 10000 3432
0.1 0.0051 1000 770
0.1 0.0076 1000 929
0.1 0.0114 400 371
0.1 0.0171 400 372
0.1 0.0256 100 94
0.1 0.0384 100 94
0.1 0.0575 50 47
0.1 0.1000 50 47
0.28 0.0010 25000 23
0.28 0.0015 25000 273
0.28 0.0022 25000 1659
0.28 0.0034 10000 3518
0.28 0.0051 1000 760
0.28 0.0076 1000 910
0.28 0.0114 400 375
0.28 0.0171 400 376
0.28 0.0256 100 98
0.28 0.0384 100 97
0.28 0.0575 50 48
0.28 0.1000 50 49
0.43 0.0010 25000 24
0.43 0.0015 25000 259
0.43 0.0022 25000 1810
0.43 0.0034 10000 3540
0.43 0.0051 1000 777
0.43 0.0076 1000 924
0.43 0.0114 400 380
0.43 0.0171 400 381
0.43 0.0256 100 97
0.43 0.0384 100 97
0.43 0.0575 50 46
0.43 0.1000 50 46
0.6 0.0010 25000 27
0.6 0.0015 25000 275
0.6 0.0022 25000 1932
0.6 0.0034 10000 3690
0.6 0.0051 1000 793
0.6 0.0076 1000 922
0.6 0.0114 400 375
0.6 0.0171 400 376
0.6 0.0256 100 94
0.6 0.0384 100 94
0.6 0.0575 50 47
0.6 0.1000 50 0
0.78 0.0010 25000 34
0.78 0.0015 25000 302
0.78 0.0022 25000 1893
0.78 0.0034 10000 3749
0.78 0.0051 1000 795
0.78 0.0076 1000 921
0.78 0.0114 400 371
0.78 0.0171 400 372
0.78 0.0256 100 96
0.78 0.0384 100 95
0.78 0.0575 50 47
0.78 0.1000 50 47
1.0 0.0010 25000 39
1.0 0.0015 25000 294
1.0 0.0022 25000 1999
1.0 0.0034 10000 3924
1.0 0.0051 1000 802
1.0 0.0076 1000 933
1.0 0.0114 400 373
1.0 0.0171 400 375
1.0 0.0256 100 88
1.0 0.0384 100 90
1.0 0.0575 50 46
1.0 0.1000 50 47
1.25 0.0010 25000 31
1.25 0.0015 25000 322
1.25 0.0022 25000 2052
1.25 0.0034 10000 3883
1.25 0.0051 1000 790
1.25 0.0076 1000 925
1.25 0.0114 400 370
1.25 0.0171 400 370
1.25 0.0256 100 93
1.25 0.0384 100 91
1.25 0.0575 50 45
1.25 0.1000 50 44
1.52 0.0010 25000 33
1.52 0.0015 25000 295
1.52 0.0022 25000 2032
1.52 0.0034 10000 3837
1.52 0.0051 1000 769
1.52 0.0076 1000 926
1.52 0.0114 400 382
1.52 0.0171 400 384
1.52 0.0256 100 94
1.52 0.0384 100 95
1.52 0.0575 50 46
1.52 0.1000 50 47
1.84 0.0010 25000 26
1.84 0.0015 25000 326
1.84 0.0022 25000 1932
1.84 0.0034 10000 3807
1.84 0.0051 1000 782
1.84 0.0076 1000 931
1.84 0.0114 400 371
1.84 0.0171 400 374
1.84 0.0256 100 92
1.84 0.0384 100 92
1.84 0.0575 50 45
1.84 0.1000 50 48
2.2 0.0010 25000 24
2.2 0.0015 25000 303
2.2 0.0022 25000 2015
2.2 0.0034 10000 3829
2.2 0.0051 1000 771
2.2 0.0076 1000 917
2.2 0.0114 400 372
2.2 0.0171 400 374
2.2 0.0256 100 91
2.2 0.0384 100 90
2.2 0.0575 50 45
2.2 0.1000 50 49
2.6 0.0010 25000 20
2.6 0.0015 25000 331
2.6 0.0022 25000 1907
2.6 0.0034 10000 3723
2.6 0.0051 1000 790
2.6 0.0076 1000 920
2.6 0.0114 400 373
2.6 0.0171 400 375
2.6 0.0256 100 97
2.6 0.0384 100 97
2.6 0.0575 50 48
2.6 0.1000 50 45
3.04 0.0010 25000 23
3.04 0.0015 25000 295
3.04 0.0022 25000 1928
3.04 0.0034 10000 3761
3.04 0.0051 1000 790
3.04 0.0076 1000 933
3.04 0.0114 400 378
3.04 0.0171 400 379
3.04 0.0256 100 95
3.04 0.0384 100 95
3.04 0.0575 50 47
3.04 0.1000 50 48
3.54 0.0010 25000 21
3.54 0.0015 25000 308
3.54 0.0022 25000 1876
3.54 0.0034 10000 3654
3.54 0.0051 1000 784
3.54 0.0076 1000 925
3.54 0.0114 400 369
3.54 0.0171 400 369
3.54 0.0256 100 91
3.54 0.0384 100 92
3.54 0.0575 50 47
3.54 0.1000 50 49
4.1 0.0010 25000 31
4.1 0.0015 25000 287
4.1 0.0022 25000 1811
4.1 0.0034 10000 3682
4.1 0.0051 1000 758
4.1 0.0076 1000 906
4.1 0.0114 400 372
4.1 0.0171 400 374
4.1 0.0256 100 93
4.1 0.0384 100 93
4.1 0.0575 50 45
4.1 0.1000 50 49
4.71 0.0010 25000 28
4.71 0.0015 25000 274
4.71 0.0022 25000 1837
4.71 0.0034 10000 3496
4.71 0.0051 1000 772
4.71 0.0076 1000 934
4.71 0.0114 400 373
4.71 0.0171 400 376
4.71 0.0256 100 93
4.71 0.0384 100 93
4.71 0.0575 50 47
4.71 0.1000 50 46
5.4 0.0010 25000 27
5.4 0.0015 25000 276
5.4 0.0022 25000 1793
5.4 0.0034 10000 3540
5.4 0.0051 1000 758
5.4 0.0076 1000 910
5.4 0.0114 400 369
5.4 0.0171 400 369
5.4 0.0256 100 95
5.4 0.0384 100 95
5.4 0.0575 50 47
5.4 0.1000 50 45
6.15 0.0010 25000 23
6.15 0.0015 25000 286
6.15 0.0022 25000 1745
6.15 0.0034 10000 3573
6.15 0.0051 1000 770
6.15 0.0076 1000 918
6.15 0.0114 400 381
6.15 0.0171 400 382
6.15 0.0256 100 95
6.15 0.0384 100 95
6.15 0.0575 50 49
6.15 0.1000 50 47
6.98 0.0010 25000 27
6.98 0.0015 25000 298
6.98 0.0022 25000 1822
6.98 0.0034 10000 3599
6.98 0.0051 1000 792
6.98 0.0076 1000 942
6.98 0.0114 400 386
6.98 0.0171 400 385
6.98 0.0256 100 93
6.98 0.0384 100 92
6.98 0.0575 50 48
6.98 0.1000 50 47
7.9 0.0010 25000 35
7.9 0.0015 25000 306
7.9 0.0022 25000 1792
7.9 0.0034 10000 3588
7.9 0.0051 1000 771
7.9 0.0076 1000 917
7.9 0.0114 400 372
7.9 0.0171 400 374
7.9 0.0256 100 92
7.9 0.0384 100 92
7.9 0.0575 50 47
7.9 0.1000 50 46
8.9 0.0010 25000 30
8.9 0.0015 25000 258
8.9 0.0022 25000 1774
8.9 0.0034 10000 3543
8.9 0.0051 1000 778
8.9 0.0076 1000 935
8.9 0.0114 400 374
8.9 0.0171 400 375
8.9 0.0256 100 94
8.9 0.0384 100 94
8.9 0.0575 50 50
8.9 0.1000 50 46
10.0 0.0010 25000 24
10.0 0.0015 25000 294
10.0 0.0022 25000 1883
10.0 0.0034 10000 3543
10.0 0.0051 1000 768
10.0 0.0076 1000 911
10.0 0.0114 400 356
10.0 0.0171 400 356
10.0 0.0256 100 92
10.0 0.0384 100 92
10.0 0.0575 50 44
10.0 0.1000 50 47
11.2 0.0010 25000 36
11.2 0.0015 25000 302
11.2 0.0022 25000 1904
11.2 0.0034 10000 3694
11.2 0.0051 1000 796
11.2 0.0076 1000 942
11.2 0.0114 400 378
11.2 0.0171 400 378
11.2 0.0256 100 96
11.2 0.0384 100 96
11.2 0.0575 50 49
11.2 0.1000 50 50
12.5 0.0010 25000 28
12.5 0.0015 25000 282
12.5 0.0022 25000 1955
12.5 0.0034 10000 3673
12.5 0.0051 1000 788
12.5 0.0076 1000 926
12.5 0.0114 400 371
12.5 0.0171 400 373
12.5 0.0256 100 91
12.5 0.0384 100 91
12.5 0.1000 50 47
14.0 0.0010 25000 26
14.0 0.0015 25000 281
14.0 0.0022 25000 1912
14.0 0.0034 10000 3750
14.0 0.0051 1000 806
14.0 0.0076 1000 927
14.0 0.0114 400 371
14.0 0.0171 400 371
14.0 0.0256 100 91
14.0 0.0384 100 91
14.0 0.0575 50 43
14.0 0.1000 50 50
15.5 0.0010 25000 37
15.5 0.0015 25000 324
15.5 0.0022 25000 2043
15.5 0.0034 10000 3946
15.5 0.0051 1000 786
15.5 0.0076 1000 915
15.5 0.0114 400 364
15.5 0.0171 400 369
15.5 0.0256 100 92
15.5 0.0384 100 92
15.5 0.0575 50 47
15.5 0.1000 50 48
17.2 0.0010 25000 30
17.2 0.0015 25000 341
17.2 0.0022 25000 2085
17.2 0.0034 10000 4001
17.2 0.0051 1000 819
17.2 0.0076 1000 924
17.2 0.0114 400 371
17.2 0.0171 400 372
17.2 0.0256 100 93
17.2 0.0384 100 93
17.2 0.0575 50 46
17.2 0.1000 50 49
19.1 0.0010 25000 39
19.1 0.0015 25000 359
19.1 0.0022 25000 2172
19.1 0.0034 10000 4071
19.1 0.0051 1000 811
19.1 0.0076 1000 927
19.1 0.0114 400 372
19.1 0.0171 400 376
19.1 0.0256 100 93
19.1 0.0384 100 93
19.1 0.0575 50 46
19.1 0.1000 50 46
21.1 0.0010 25000 50
21.1 0.0015 25000 365
21.1 0.0022 25000 2480
21.1 0.0034 10000 4239
21.1 0.0051 1000 808
21.1 0.0076 1000 929
21.1 0.0114 400 379
21.1 0.0171 400 380
21.1 0.0256 100 94
21.1 0.0575 50 48
21.1 0.1000 50 47
23.3 0.0010 25000 51
23.3 0.0015 25000 446
23.3 0.0022 25000 2520
23.3 0.0034 10000 4514
23.3 0.0051 1000 833
23.3 0.0076 1000 939
23.3 0.0114 400 380
23.3 0.0171 400 381
23.3 0.0256 100 93
23.3 0.0384 100 93
23.3 0.0575 50 47
23.3 0.1000 50 46
25.6 0.0010 25000 50
25.6 0.0015 25000 472
25.6 0.0022 25000 2667
25.6 0.0034 10000 4564
25.6 0.0051 1000 821
25.6 0.0076 1000 922
25.6 0.0114 400 362
25.6 0.0171 400 366
25.6 0.0256 100 93
25.6 0.0384 100 93
25.6 0.0575 50 46
25.6 0.1000 50 46
28.2 0.0010 25000 51
28.2 0.0015 25000 446
28.2 0.0022 25000 2675
28.2 0.0034 10000 4540
28.2 0.0051 1000 834
28.2 0.0076 1000 930
28.2 0.0114 400 377
28.2 0.0171 400 378
28.2 0.0256 100 97
28.2 0.0384 100 97
28.2 0.0575 50 48
28.2 0.1000 50 49
30.9 0.0010 25000 50
30.9 0.0015 25000 402
30.9 0.0022 25000 2491
30.9 0.0034 10000 4415
30.9 0.0051 1000 838
30.9 0.0076 1000 935
30.9 0.0114 400 372
30.9 0.0171 400 373
30.9 0.0256 100 95
30.9 0.0384 100 95
30.9 0.0575 50 47
30.9 0.1000 50 46
33.9 0.0010 25000 53
33.9 0.0015 25000 383
33.9 0.0022 25000 2616
33.9 0.0034 10000 4483
33.9 0.0051 1000 825
33.9 0.0076 1000 922
33.9 0.0114 400 375
33.9 0.0171 400 377
33.9 0.0256 100 99
33.9 0.0384 100 99
33.9 0.0575 50 49
33.9 0.1000 50 47
37.1 0.0010 25000 47
37.1 0.0015 25000 405
37.1 0.0022 25000 2522
37.1 0.0034 10000 4484
37.1 0.0051 1000 831
37.1 0.0076 1000 935
37.1 0.0114 400 371
37.1 0.0171 400 372
37.1 0.0256 100 96
37.1 0.0384 100 96
37.1 0.0575 50 47
37.1 0.1000 50 48
40.5 0.0010 25000 0
40.5 0.0015 25000 0
40.5 0.0022 25000 0
40.5 0.0034 10000 4405
40.5 0.0051 1000 842
40.5 0.0076 1000 929
40.5 0.0114 400 373
40.5 0.0171 400 374
40.5 0.0256 100 91
40.5 0.0384 100 91
40.5 0.1000 50 47
44.2 0.0010 25000 0
44.2 0.0015 25000 0
44.2 0.0022 25000 0
44.2 0.0034 10000 4320
44.2 0.0051 1000 803
44.2 0.0076 1000 912
44.2 0.0114 400 378
44.2 0.0171 400 378
44.2 0.0256 100 96
44.2 0.0384 100 96
44.2 0.0575 50 49
44.2 0.1000 50 46
48.2 0.0010 25000 51
48.2 0.0015 25000 400
48.2 0.0022 25000 2361
48.2 0.0034 10000 4223
48.2 0.0051 1000 806
48.2 0.0076 1000 918
48.2 0.0114 400 373
48.2 0.0171 400 374
48.2 0.0256 100 93
48.2 0.0384 100 93
48.2 0.0575 50 46
48.2 0.1000 50 47
52.5 0.0010 25000 26
52.5 0.0015 25000 399
52.5 0.0022 25000 2390
52.5 0.0034 10000 4284
52.5 0.0051 1000 818
52.5 0.0076 1000 933
52.5 0.0114 400 376
52.5 0.0171 400 378
52.5 0.0256 100 96
52.5 0.0384 100 97
52.5 0.0575 50 48
52.5 0.1000 50 48
57.1 0.0010 25000 49
57.1 0.0015 25000 393
57.1 0.0022 25000 2238
57.1 0.0034 10000 4278
57.1 0.0051 1000 828
57.1 0.0076 1000 919
57.1 0.0114 400 370
57.1 0.0171 400 372
57.1 0.0256 100 92
57.1 0.0384 100 92
57.1 0.0575 50 44
57.1 0.1000 50 50
62.1 0.0010 25000 52
62.1 0.0015 25000 383
62.1 0.0022 25000 2311
62.1 0.0034 10000 4184
62.1 0.0051 1000 816
62.1 0.0076 1000 913
62.1 0.0114 400 383
62.1 0.0171 400 384
62.1 0.0256 100 96
62.1 0.0384 100 96
62.1 0.0575 50 48
62.1 0.1000 50 48
67.4 0.0010 25000 40
67.4 0.0015 25000 372
67.4 0.0022 25000 2354
67.4 0.0034 10000 4293
67.4 0.0051 1000 0
67.4 0.0076 1000 925
67.4 0.0114 400 379
67.4 0.0171 400 380
67.4 0.0256 100 96
67.4 0.0384 100 96
67.4 0.0575 50 47
67.4 0.1000 50 50
73.0 0.0010 25000 46
73.0 0.0015 25000 384
73.0 0.0022 25000 2424
73.0 0.0034 10000 4174
73.0 0.0051 1000 812
73.0 0.0076 1000 919
73.0 0.0114 400 369
73.0 0.0171 400 369
73.0 0.0256 100 87
73.0 0.0384 100 87
73.0 0.0575 50 0
73.0 0.1000 50 47
79.1 0.0010 25000 46
79.1 0.0015 25000 385
79.1 0.0022 25000 2374
79.1 0.0034 10000 4274
79.1 0.0051 1000 816
79.1 0.0076 1000 915
79.1 0.0114 400 376
79.1 0.0171 400 378
79.1 0.0256 100 98
79.1 0.0384 100 98
79.1 0.0575 50 50
79.1 0.1000 50 50
85.6 0.0010 25000 50
85.6 0.0015 25000 364
85.6 0.0022 25000 2367
85.6 0.0034 10000 4271
85.6 0.0051 1000 823
85.6 0.0076 1000 913
85.6 0.0114 400 366
85.6 0.0171 400 368
85.6 0.0256 100 94
85.6 0.0384 100 94
85.6 0.0575 50 47
85.6 0.1000 50 45
92.6 0.0010 25000 40
92.6 0.0015 25000 389
92.6 0.0022 25000 2374
92.6 0.0034 10000 4316
92.6 0.0051 1000 819
92.6 0.0076 1000 924
92.6 0.0114 400 374
92.6 0.0171 400 374
92.6 0.0256 100 93
92.6 0.0384 100 93
92.6 0.0575 50 46
92.6 0.1000 50 46
99.9 0.0010 25000 44
99.9 0.0015 25000 395
99.9 0.0022 25000 2338
99.9 0.0034 10000 4312
99.9 0.0051 1000 814
99.9 0.0076 1000 929
99.9 0.0114 400 376
99.9 0.0171 400 376
99.9 0.0256 100 95
99.9 0.0384 100 95
99.9 0.0575 50 49
99.9 0.1000 50 45
