0.
0.
0.
0.6105
0.6105
0.6105
1.221
1.221
1.8315000000000001
1.8315000000000001
2.442
2.442
3.0525
3.6630000000000003
3.6630000000000003
4.2735
4.884
4.884
5.4945
6.105
6.105
6.7155000000000005
6.7155000000000005
7.3260000000000005
7.3260000000000005
7.3260000000000005
7.9365000000000006
7.9365000000000006
7.9365000000000006
7.9365000000000006
8.547
8.547
8.547
8.547
7.9365000000000006
7.9365000000000006
7.9365000000000006
7.9365000000000006
7.9365000000000006
7.3260000000000005
7.3260000000000005
7.3260000000000005
7.3260000000000005
6.7155000000000005
6.7155000000000005
6.7155000000000005
6.105
6.105
6.105
5.4945
5.4945
4.884
4.884
4.2735
4.2735
4.2735
3.6630000000000003
3.6630000000000003
3.0525
3.0525
3.0525
2.442
2.442
2.442
2.442
1.8315000000000001
1.8315000000000001
1.8315000000000001
1.8315000000000001
1.8315000000000001
1.221
1.221
1.221
1.221
1.221
1.221
1.221
1.221
1.221
1.221
1.221
1.221
1.221
1.221
1.221
0.6105
0.6105
0.6105
0.6105
0.6105
0.6105
0.6105
0.6105
0.6105
0.6105
0.
0.
0.
0.
0.
0.
0.
0.
0.
0.
0.
0.
0.
0.
0.
0.
0.
0.
0.
0.6105
0.6105
0.6105
0.6105
0.6105
0.6105
0.6105
0.6105
0.6105
0.6105
0.6105
0.
0.
0.
0.
0.
0.
0.
0.
0.
0.
0.
0.
0.
0.
0.
0.
0.
0.
0.
0.
0.
0.
0.
0.
0.
0.
0.
0.
0.
0.
0.6105
0.6105
0.6105
0.6105
0.
0.